317648
345280
343209
366237
335026
323660
343762
349164
359677
372508
370460
385281
377861
337249
384233
369653
352184
364672
358842
372939
401540
421019
400150
380142
366732
346321
345914
461706
371372
368089
332051
345619
368329
392859
327617
351927
359353
371496
351812
369242
393878
379757
332788
353299
370666
344305
355323
372438
357652
375143
395148
403403
362933
401894
380139
417139
379177
363481
386854
383781
413110
371823
363489
395072
441365
403245
364045
336660
359981
363955
407514
360187
341927
369835
371486
345115
377908
338369
399939
382626
387267
434095
401855
382239
364837
420827
406579
475475
375642
321744
383447
476573
460663
387365
378400
353539
466118
383467
416171
422507
402116
455801
447129
344413
321324
348872
370770
386689
374181
344364
329408
344618
353356
373060
386767
353518
367549
392131
366670
404753
360376
370877
362734
385903
339385
324222
362620
349617
355680
344525
291747
323303
343280
372811
366521
348797
356282
356317
431252
470865
396355
388908
345356
395605
367699
346402
349073
351434
326495
338163
397667
370288
401807
410345
434783
384687
361827
391354
345306
394793
375939
378650
372278
376470
418273
441522
399236
336270
349265
337115
353465
354740
371464
381927
417857
427616
391602
406101
452116
479365
483865
411342
410655
450831
402001
450466
436543
348585
338316
386875
449570
432683
421762
465273
479655
445651
489453
462307
461821
458855
