392171
354155
348113
383887
311717
339248
365755
453304
399109
342927
353345
353726
347108
431442
454672
389427
384886
343896
312703
477824
420802
379796
373564
336306
331053
324852
350887
341788
381365
372492
391362
385392
358014
319081
314451
341339
377621
432056
381355
370858
357674
351973
355597
377115
348227
419235
347696
353647
387044
373188
435181
513664
406133
381751
470606
400907
385665
371210
340108
375200
341536
357729
444840
394655
417742
413116
410767
423816
432419
394080
425965
431612
344812
374399
440750
343682
344376
382246
447484
475297
462810
361099
351214
462638
409170
401738
401920
490908
402497
471160
438103
391635
412301
329601
343318
448042
570785
395743
401604
441368
364173
413340
490181
381070
389235
368839
423212
370599
518998
523997
435406
413595
467601
456027
400721
349242
405000
322659
350590
380854
403503
398266
482955
455248
357554
325924
343577
321517
326901
364715
398407
343664
346962
318600
366258
408533
347409
357623
394537
409097
342099
362546
349059
346139
322709
395513
458961
422322
329317
354335
413282
363673
315429
407962
478147
472740
389838
403162
428976
440070
447137
433382
463570
519901
447284
366924
472346
404216
387155
392186
353070
410558
426135
412913
412192
338782
356324
365162
369353
393630
483826
446435
387416
337616
372325
420314
345502
334920
353563
370334
323081
334675
349158
334905
434477
447460
393432
505782
459834
404208
