381892
377101
419413
416495
393267
325236
385446
387311
362493
371827
339895
349072
358600
371710
366988
357141
371383
354931
362262
346614
398564
378263
359053
358214
442924
440421
464700
521743
413794
410696
422109
376431
361071
377301
393956
390072
372653
388279
456121
434725
458002
436552
495546
441935
419351
392599
409571
398325
388677
383630
376544
397143
385518
410588
385190
388285
468749
441843
464366
464530
445003
438510
426090
429812
452250
439050
427806
393166
400795
402502
401608
473348
428884
452020
445085
389907
441821
426468
434051
429219
444147
405305
454627
418168
410081
464256
387053
387536
491728
436048
399049
426310
467611
470293
465215
457840
480060
461316
466420
485418
524178
471327
443830
445302
464827
464514
528409
423839
482589
468969
444290
425236
470918
468298
429263
445087
511988
440126
437665
506502
447218
411485
438234
448000
451084
406126
411837
427984
388994
445420
478874
431960
416585
443242
399954
416864
501874
450638
469448
465887
428445
490006
446681
416109
438362
419391
425307
434187
525012
478856
555938
549949
482819
424869
470851
452076
466242
499154
456367
471645
500195
460223
494067
479925
390917
376304
405947
374957
433201
484015
440231
380314
385178
458617
395237
366523
371018
369920
426494
400871
410919
427163
408482
416648
426837
412493
419664
420497
413210
442361
416702
390643
388850
371211
395403
429056
468723
399138
420744
447937
