294644
311286
302594
305759
276502
238178
317188
338854
304838
276146
330668
307927
316327
367977
409145
271131
277210
317190
273836
316833
311488
305748
288272
292872
300106
325278
272050
310894
288576
305677
335093
339558
288987
302853
307590
382670
315439
307967
382987
386736
414524
342381
309826
299112
306080
334735
275461
322978
334757
319505
308429
265560
327569
296018
317927
302086
319606
296221
281147
358933
358967
325511
338182
338932
354944
355870
273760
263145
271290
305895
426742
342176
369715
405268
377424
326589
383555
320067
302498
364093
362093
397164
348257
285580
291197
351821
320069
297229
327099
352988
417368
403050
333149
337287
285123
319674
290361
303952
365066
322674
321674
330390
278635
297662
270102
299847
360917
349371
270179
347330
346511
418377
323060
257123
343371
356583
338486
315059
301760
331527
339048
339013
317924
370763
413875
438064
369220
391594
354160
301284
313830
288531
311796
364463
286605
315092
373280
415982
388128
379384
349334
405169
365313
355207
350704
339801
373682
314065
292980
342699
314240
322476
333035
362986
326162
367923
277363
298789
345326
276347
325448
319928
295489
366285
389896
396049
522636
451814
443028
382571
427346
401049
417508
338535
312242
352480
326224
374212
404159
347330
391903
381256
365649
397340
336563
367911
377258
291477
301031
366249
385303
374727
402826
354216
376933
323797
418946
383932
312026
329463
