367824
340619
346494
321706
315090
326483
330252
321157
327532
324119
346410
300721
327838
322729
325765
294429
368789
362379
402426
325479
345042
320398
357251
345859
391921
490963
447504
445751
425066
452096
364771
441027
447170
403088
446329
430926
433993
405827
433760
422885
476131
488526
398548
382215
410028
399226
420809
409245
435529
433116
454792
467432
522378
426895
399433
434446
404622
378489
376255
398654
442877
490318
459166
508832
478058
421799
456478
427397
407058
441360
478966
398228
422420
429508
398744
486683
407679
391860
444518
402531
408428
441308
455800
446925
450942
510626
542142
512838
461758
467074
399335
411739
477127
450882
442337
417594
408968
455753
402572
522333
373138
373364
447953
397743
408145
365232
435522
419061
380544
369473
431862
413140
433754
405442
389783
403193
425176
343216
369635
361655
390944
385117
397671
424495
440636
429320
415477
375098
375836
364986
351532
361831
372202
356399
431592
472650
420051
412486
399251
355105
360097
379790
353832
375046
398583
353174
344759
386595
488941
375245
359833
352030
333010
344359
391666
373486
390969
368847
340380
390394
435403
413651
398270
366970
325684
326214
379107
343126
344605
364491
351762
346085
381551
359144
366940
379120
393937
373570
389689
403738
384691
390221
413026
417372
426533
387946
366183
324845
356946
336470
333010
314773
316286
334959
359011
326219
372331
386067
395480
440524
