256184
273285
304246
306483
345488
332038
285683
312413
357565
449963
363550
337248
325837
350562
468128
440254
352072
343984
338622
376550
356106
301680
324391
301165
335208
370688
330701
386928
357368
428354
397231
340734
405505
386452
399264
430403
347505
325838
365093
323710
328613
350561
333995
312892
368248
384752
357118
398021
420629
406569
408735
372548
474065
455848
483619
444716
363865
354692
457153
410701
349705
364942
405600
390894
378936
383267
366072
350894
363530
389466
391113
380057
385258
395344
353475
451206
408885
360777
362623
421684
398972
404691
403809
318829
321212
329168
318419
320096
324586
328570
297515
301407
364571
309674
322418
327651
311970
296383
295243
281583
315906
302974
293234
312484
303835
282903
297960
310825
281800
297700
320339
417047
308635
336453
343334
352295
314327
291652
308579
287876
293618
264397
263805
314021
273998
295034
295958
298701
326349
284103
318667
269180
274009
277676
325600
289716
292360
343884
338068
321069
324849
399088
314325
298568
364600
397220
315704
276880
274439
285240
257659
267178
289857
293507
294621
381703
335110
356560
329338
365040
449065
308653
386822
398078
339467
333505
325556
311397
271662
310937
350443
343735
298501
324566
329112
369751
352360
334373
363297
319023
317951
333658
343038
285884
284404
288648
361078
312377
351298
284660
305656
336255
351563
373094
411420
385908
409912
368895
457568
416931
