285680
275027
299198
330744
326398
284435
335854
298624
261522
231660
236548
247451
265448
292959
338475
321782
289019
279928
359867
362682
259547
251180
235876
233527
256876
270038
278560
298998
284403
330203
341856
302079
287615
270820
308444
298084
287233
240523
245174
274048
257592
251518
280513
280185
310798
320813
282666
296969
299327
285142
270371
256607
310799
345531
288662
318427
283893
275167
270211
298745
329981
320039
351799
299908
306346
300884
291976
304994
284765
306936
290633
284045
285772
287996
277716
296522
273743
304098
295339
296914
300548
279437
244057
267556
287498
295245
320006
347843
375937
303892
277842
333579
307612
278617
297259
304243
320513
321723
354477
295345
332895
348172
295704
321730
352732
352811
359611
335057
351324
374996
395875
416518
341540
350494
368638
415891
346238
372306
340985
359374
374817
294018
349163
344318
330516
287526
327578
398848
281666
291194
291350
349642
376352
302687
299035
325211
364843
289801
276292
294596
307312
379870
301221
309897
285658
300040
298862
298487
301460
295430
330521
293051
298138
281124
283477
266038
270304
338246
365478
342881
297078
355585
313285
332253
331005
322633
299366
290600
293645
281690
252691
267475
291031
308224
319005
323194
307890
290814
344935
310021
270702
301196
280074
259603
271814
302521
308315
308190
275734
299645
300304
351337
327660
267277
283909
310104
314790
356892
281658
279378
