270210
350540
276557
310812
378058
261779
256829
332471
305240
313689
268388
317781
277858
286275
297407
275270
270844
294652
352387
333072
336972
309754
347954
294582
400539
345828
394614
355302
317181
303449
327346
365723
313894
298805
327413
297407
293906
327801
315861
304013
305316
328022
327636
308386
281597
276991
276405
301910
310729
379967
343605
355369
394779
308592
315857
338762
277233
277565
299591
320352
316528
327953
291608
291169
296129
297424
301120
306467
301350
297173
316516
304517
310316
309253
298056
311407
327940
283663
378485
376204
337975
375361
375912
336672
378379
346126
332317
332476
373709
332388
380877
396744
343435
388627
374767
307126
309525
315582
300693
310669
298706
303072
289875
282497
268061
298998
318616
321693
332265
306666
302084
300510
336030
297024
278553
274256
269688
315872
321821
396862
370446
350185
347189
424411
323835
272005
321927
300998
289936
297919
319033
271652
299093
336590
312851
318470
326464
315002
276941
289412
363740
296519
323806
366872
296912
321506
314448
296609
311700
326679
295746
328173
317659
299226
339644
299669
270444
280640
295109
343352
283745
276984
317984
339974
281889
299693
298418
301632
314658
285834
274297
319441
317517
365835
328662
341263
323390
310776
299080
286176
291720
332403
327020
360630
307321
299237
321277
378554
384372
375588
340994
353431
323007
333981
320602
281173
277570
308571
309298
228664
