496698
503287
493547
508068
457248
441482
423971
511742
503107
496294
427410
422075
421824
441960
463105
476734
474516
448481
503264
455493
462050
453874
406902
435489
459372
419777
437417
523958
398291
377418
391935
480074
454773
438277
382545
362085
414717
417963
408219
411652
370021
438061
468188
496452
452965
400441
416825
399028
428416
449276
483674
535124
474085
479602
482752
447360
461879
477163
492466
473899
494676
498644
465574
466141
406473
414857
412360
407435
416207
429254
437800
433706
471322
465165
494051
460384
456366
455945
472212
419143
475227
430812
438027
439854
422521
452358
380783
442597
416595
436283
473839
497869
431888
426939
450527
485553
425787
411066
447789
411303
390544
438878
393383
439881
394362
360715
360254
351034
383093
426289
460895
468011
454202
451271
388427
394736
394321
437639
475886
390595
431816
430667
433177
419545
402515
392868
392386
419973
398902
445186
464035
391782
345931
344622
374785
373652
375107
436094
406962
404664
416525
379153
437065
380532
372615
466837
425542
397928
397725
385511
378294
421953
427757
453773
471412
472445
507442
544209
474045
572993
526595
478458
490759
587007
541563
522313
544967
494619
531392
547000
540520
598044
605108
543357
563560
504282
472191
459439
468646
508448
539539
494792
515377
506385
466611
509388
507221
545063
562697
524346
547583
553654
490175
489330
489533
498593
455398
548755
564266
546898
