310870
321366
385327
354178
333993
438277
326369
346100
332046
317818
349018
313531
332114
377728
320057
326097
298849
309946
300785
314435
310511
296816
314903
289290
291835
318724
361438
364358
332619
344219
369387
372338
357944
381701
386506
413473
389476
365547
370058
385286
405431
373120
379204
377810
373292
365737
319639
344648
341828
335508
359590
346088
390528
356773
342975
336265
361243
345790
359036
351189
387511
339424
323037
329448
337854
380953
407182
409303
360655
385463
388436
405465
405020
466680
438641
410001
414759
328244
363530
428893
379375
399105
437847
423908
474403
506766
481909
427451
438202
439254
417730
408868
387473
423918
451366
432887
426390
406248
441452
404959
392065
385124
369271
405490
393352
377393
360289
364479
353882
336865
396640
371037
366333
339066
340328
314677
319692
341254
362700
343913
346467
338821
373394
339830
325826
344637
368786
444056
408852
512029
526250
521128
463104
446457
396926
372373
353885
342783
347054
346757
372118
365439
348360
340937
328610
341333
388456
355224
354788
363277
355711
355012
369479
363614
357100
370417
353816
347307
351364
362114
365115
417765
405513
371335
383772
425225
445421
449347
430024
432089
391887
369052
362697
358902
393822
378020
355536
392373
365228
397064
417839
419329
459363
417055
401084
399479
383708
393266
370949
389504
432885
396551
406029
406844
388083
372755
387528
397080
412699
373030
5428
