492281
452924
462063
463259
465170
452308
488301
467186
428929
451127
433715
437229
466191
490800
512607
509844
468046
534510
498512
543188
554107
500528
505834
556923
550647
559297
514775
575599
549940
599672
573350
535232
497424
497393
528297
628369
607812
534625
580703
552850
530704
558150
564179
549977
519193
513219
481321
505722
492858
576343
520949
543349
550443
522247
571574
515621
515036
517197
499012
514287
490149
494674
509928
458363
487610
450818
464118
482374
495909
465653
454836
455774
442189
457565
476369
501623
499426
500044
464261
540042
485507
472965
467541
507654
478111
457203
554131
505335
473052
471674
461705
479344
545078
507359
536368
490105
502458
528169
453389
484834
473714
514040
539167
538037
530135
522336
580884
599424
564341
571372
513206
503394
493590
521601
501858
474771
432863
439662
463100
469454
480931
494345
494849
502874
587811
583523
639398
616976
577855
530842
495465
577779
529345
525107
547216
523436
534839
478234
492314
488784
534586
528787
536093
546431
566302
574957
555987
546907
558202
546930
532457
504399
539136
560027
563922
599725
607442
555655
552300
558280
519228
506516
499778
472259
502758
513992
478954
498799
493056
492680
470535
454645
485888
509394
489213
509606
464771
480933
473151
410423
430541
465402
500731
480784
490177
440282
471181
461150
487760
518100
537370
526279
481472
453452
434271
467444
490913
547926
591964
509372
