492935
512657
515415
514089
566848
569792
545748
499735
499780
431031
426457
474582
487441
422554
464863
435428
498876
458712
494422
542639
512346
460137
446205
465747
466553
436258
449959
488739
492671
501767
435242
459513
448692
430166
420953
446205
413938
433491
451935
441923
460603
491941
499328
461001
451915
448298
438364
434294
409341
420031
431601
458717
442494
453828
482537
460686
464591
462210
416871
403937
423582
416246
443452
466683
477855
483156
455236
425535
438650
449182
464303
493359
471909
482219
491451
465431
509748
494855
478775
468805
467425
465126
434750
467430
511391
477172
443974
477128
462120
446152
437780
491187
454031
461718
440094
399237
454287
458347
465643
460956
440119
476683
440947
428707
416615
429509
448631
465216
490382
489011
485364
505277
429636
406016
422646
422925
430714
408445
420610
434023
429622
428622
397627
392118
506559
533761
502436
459328
455568
527925
485498
451400
409025
430307
407214
407046
457122
466457
453913
464411
438095
482928
451519
425261
420540
419360
393139
438838
423540
425256
430728
426631
406508
435693
419241
390109
455373
422110
428644
437064
438369
406560
394861
392660
412331
413058
419871
396623
396074
434569
427373
429566
439167
437585
438538
465192
492083
396181
397619
407608
412289
446542
417020
427801
473867
428544
413848
412060
440390
428072
445946
448517
439642
483031
473732
484507
494389
462028
496844
455273
