308546
318665
303968
312821
344666
282990
289203
356163
361320
324294
338499
383302
337386
439860
434769
349512
363517
364132
317458
384183
470855
408665
477031
435075
396693
354297
312455
307924
348543
450749
429061
341767
382332
360802
320701
346320
351805
356949
385130
410138
415055
347558
342442
380110
343814
334006
393448
362753
391840
413231
398091
353107
398116
367166
356677
373969
384966
415781
405993
428671
405273
429850
444848
389277
367635
378027
362449
368711
398167
395163
402194
351213
340596
357791
333349
321546
347339
354436
389285
382857
365954
446636
461193
431894
400362
420935
379468
355023
353006
367979
379505
395342
400612
357412
380393
355654
357976
363520
388853
393019
350635
344496
377687
372822
362689
367460
368009
351339
351771
393492
415084
397803
375454
366202
384136
385387
398367
405285
413623
429857
390589
393555
391842
441168
467297
424791
383460
353348
361786
326618
357758
374806
371425
410667
361756
357242
381364
353698
347168
365308
388988
350877
350028
391033
359675
342328
362784
358758
377478
330806
311696
314706
342735
340210
319940
352393
343283
378892
421177
340332
347777
349080
373771
382657
360792
362680
361000
392700
441151
430241
372974
456249
438016
393778
452812
367110
350298
347305
359429
385582
372811
365634
354222
338464
327086
334741
363082
379808
400802
404529
382637
397839
330895
358996
335669
334353
355452
351280
363854
381824
