542297
529694
455867
492252
533188
454540
472894
483171
474020
493659
523777
481907
502034
523304
508917
525493
509034
486016
557219
553587
541608
517310
486872
501938
503141
504793
520903
564063
582863
550394
555570
588486
584154
589333
566710
562621
519842
548544
567098
550850
525206
558476
562742
595101
557347
565689
497292
525098
530162
519048
550953
546097
578929
535479
551029
555856
549297
545310
523589
514875
511697
530965
617062
617066
575525
592886
534199
581063
532442
539144
534203
541422
555279
583397
596328
576715
600144
569617
510318
503705
538605
546246
544757
580764
582468
530607
558150
574950
557900
566782
582064
573906
602174
608373
581082
587083
567867
562548
607091
585468
558728
554702
542056
521501
558177
583450
560430
557116
559020
576952
602907
607597
526355
544352
507552
587959
572537
565836
534439
437803
476043
475707
557071
526053
531722
527270
566198
571153
534621
566413
575065
568992
549225
534697
547950
520582
533016
570931
577043
548157
564019
546166
520867
506723
555674
595750
586970
580971
567402
574599
583592
545443
464204
472109
506252
493169
503986
528020
532016
513762
497547
519408
526334
497021
483350
526402
528964
520631
556370
557967
565608
589402
555959
567871
511083
512772
520370
507930
480854
500437
482853
537360
528746
474669
447903
452918
484913
485716
492691
464422
499365
489501
532954
545967
522832
514489
531191
446958
482970
454855
