459304
471502
485752
443844
461863
463722
442220
491273
465947
466286
452208
441673
465355
516269
514389
472902
460752
503598
514055
497869
540534
511539
490907
503634
487079
467986
473595
490957
530224
576702
531716
542919
593704
587030
553006
535657
489079
461665
471767
537397
536200
570320
570090
510366
536139
556148
565577
534074
514206
518286
509092
532392
539405
497235
500826
489249
508086
509056
507679
551901
518957
507449
474022
474718
472050
482725
507323
507869
473939
483936
452040
462004
455147
515139
477239
498663
514698
488443
506450
511362
513551
495343
430883
447857
487390
466009
463215
483647
529534
526468
545998
501928
436446
471096
460245
511191
406416
376937
433220
455602
506724
520424
500597
484831
448937
432196
474581
490290
483031
498159
485973
491508
467288
483421
502669
511246
504137
484968
499124
532947
499632
488871
448743
453820
452608
456201
489652
529639
527790
520570
506198
499353
488500
477415
469141
505813
542934
555013
589465
603737
541211
550413
593641
559192
570979
526983
535309
556021
511416
517842
500351
523384
493955
517502
482421
491091
475639
478449
515475
485035
439922
484347
461280
469869
463636
483275
464046
446771
506381
537255
522992
498001
501294
509465
565202
511260
513280
508006
512057
547877
522728
597628
521753
507834
519673
500451
547416
583440
544838
544633
566548
516969
490970
488045
541480
488588
483683
482435
525030
532698
9847
