9798
12555
9757
7947
8158
5091
5545
6391
4049
5932
7711
5871
8312
7844
15390
8434
8437
8988
10341
12963
9255
12548
11780
11604
12025
11407
11820
7751
12549
11720
9320
9412
9865
9677
7006
13027
14692
15490
17636
21178
17588
20579
23250
20629
18496
14472
13028
12292
13106
15694
12160
10574
11738
10878
10635
15963
11462
11103
10872
12785
17042
11338
15504
16366
17174
10589
12874
11010
10785
9784
9397
10207
9360
13637
13301
10063
10853
11006
10812
10763
12452
14413
11072
13975
13865
9683
6330
9643
13352
10818
12093
9922
11700
13607
10284
16978
13148
13120
10969
16395
12208
9882
7136
9643
6767
7604
8593
10773
12126
10167
9434
10100
8866
9585
6524
8107
5279
6086
12301
6577
4371
3860
3978
3971
3497
2814
2883
2598
1705
3313
2194
1466
1868
2936
2935
1599
1473
1491
1640
1786
2677
945
1409
2136
1841
2640
3813
2391
2340
2222
1151
1458
674
379
1466
722
120
645
412
273
865
1211
992
858
622
879
957
486
121
645
199
110
103
216
95
105
138
433
656
444
524
642
120
146
128
128
124
123
128
155
185
173
649
143
124
123
148
136
132
144
130
138
205
133
620
165
170
143
129
126
172
103
122
250
110
100
705
104
108
182
110
106
186
108
112
258
109
101
703
109
104
182
106
106
183
107
104
255
104
107
703
105
110
183
110
102
184
104
107
257
107
108
706
107
104
185
108
110
186
105
132
230
23
