11196
8261
4190
434
3692
1284
1056
2145
1617
3088
3472
4550
2842
2143
1173
3197
2192
5437
4025
3907
8162
7008
7988
8295
9631
7955
6708
9019
12270
8168
7362
6392
7180
9884
9620
6089
7807
10200
10134
10804
6649
10925
16800
13704
16918
15646
12980
15480
20994
12092
10580
10473
14509
13527
15493
12848
16344
11722
11213
14520
16387
21064
18425
20234
14599
16368
20636
20889
19377
17074
19403
20771
21444
20602
18975
19425
16894
16293
11444
13318
12370
14295
12894
14027
12418
16298
13412
9928
14228
14401
11176
13201
9938
7059
10884
10243
11750
13902
11934
17352
15102
13626
17394
11648
13559
13022
12576
11428
12416
11357
10791
8890
10808
8534
9277
11057
11684
7219
6446
7227
4922
6709
5770
5639
5819
5008
6980
5902
5366
5181
6529
5538
5885
4073
5271
4987
3869
5322
3690
3838
3533
3470
3625
6333
10630
10389
5554
3062
3322
3289
3047
3368
3320
3297
3661
4180
3149
3757
3533
3485
3379
3612
4158
3686
3534
3420
4477
3552
3050
3634
4037
3966
3711
3513
3329
3496
3549
3744
3382
3648
3631
3559
3543
3393
3381
3504
3526
3522
3339
3589
4055
5836
4387
4390
5004
3644
5325
4171
5636
8731
4308
5298
3800
3613
2827
3301
3303
3351
3973
3979
4062
3598
5335
4295
4046
3993
3723
4599
3676
3292
3622
4462
3863
3350
3299
3669
3823
3814
3933
4701
3980
3546
4723
3470
3130
3316
3289
3422
3288
3295
3317
3303
3291
3078
3305
3159
3303
3284
3054
3656
3299
3052
3334
3284
3309
3082
3297
3320
3141
3290
3628
3334
764
