4850
14063
6689
5855
9775
7867
10837
13287
15180
8053
6378
13164
11079
5131
9415
4693
3338
3256
3143
7405
10018
9811
10471
7346
6844
5928
5488
5692
7354
12142
8428
7787
10100
6104
5044
7280
7900
6597
9236
8273
12173
21697
11626
13966
13113
11811
11426
10750
16558
13204
11855
17114
11226
11876
9649
13404
10129
14710
11176
14037
12457
16015
15780
19036
17054
13934
12707
15327
17295
16796
14546
19436
18513
20201
17362
15500
14401
10487
14546
13014
11455
12153
13609
19546
13517
13223
15727
17976
16844
10938
10362
12293
16764
12706
14972
14713
11036
14935
13834
14877
19739
18810
17296
12077
11789
10012
8560
7143
7674
6651
6379
3227
3242
4389
5000
2742
7617
4112
6605
6216
3043
2848
3878
3801
1269
1610
3239
2949
2589
1727
2532
2277
1644
1825
1213
2532
1323
846
935
1242
1413
1991
1081
1886
2327
2188
1563
1001
1138
2619
2570
1539
2730
2258
1573
2249
3848
3767
3661
2926
3126
2912
1156
1045
3208
843
1621
2580
4126
4300
4056
4713
4836
3894
3707
4056
3687
5442
4295
4723
4471
3844
3860
4124
3930
3921
3729
3981
3914
3686
4299
3713
3958
3973
4909
5935
4586
4021
4586
4954
5413
4136
4580
4039
3684
4596
3785
4113
3951
3854
3865
4236
3720
4216
3867
3751
4043
4063
3890
3952
3887
5498
3982
4249
3872
3913
3752
3826
3913
3860
4077
4536
3780
3686
4143
3658
3879
3782
3651
3899
3948
3763
3642
4206
3874
3656
3779
3877
3889
4014
3881
3646
4106
3643
3883
3977
3658
3892
3787
3876
3643
3745
485
