3854
8500
3598
5608
7131
5514
6036
4402
6820
9889
7406
10348
9236
10315
9077
14837
11332
7306
7597
9339
11032
13131
10098
6768
8751
7400
5405
7423
10737
7657
11554
9218
9064
12296
13214
13008
14276
12806
14781
14216
18703
14560
19488
23308
19947
15045
17583
14440
10054
6312
14461
13864
8269
9329
12381
11598
11159
13487
12766
8472
11495
11599
10978
12947
11213
20623
17592
17089
23878
18761
18570
16120
19506
14670
17977
14868
14874
17790
16363
15376
11579
12199
12780
15748
12948
21319
14070
17163
14618
13113
15594
15158
22484
22371
20275
18506
19427
18943
23547
15071
12869
12402
14782
13626
14306
10995
13479
12002
16969
16791
9138
8283
10595
8948
6276
8538
5358
4033
4688
6625
3337
3972
3188
2406
2580
2142
2852
2503
3217
3046
2337
2694
2687
2406
2232
1577
1449
1554
2249
2751
2158
2469
2026
2277
1898
2060
1817
1662
2521
2424
1828
1607
2109
1841
1699
1681
1179
2010
1359
2464
1857
2471
1834
1225
1820
1431
1521
1218
2309
1280
1569
2029
2277
1630
1436
2329
1916
1475
1466
914
1647
1355
1977
1662
1585
2137
1376
822
1078
836
1027
1354
520
560
454
1090
435
518
669
1124
1246
1469
799
859
1029
1124
2922
1143
556
1462
2325
394
589
475
1826
396
493
391
396
452
387
483
450
393
636
429
387
463
406
392
517
394
387
547
499
391
670
390
391
476
390
583
1099
1110
738
574
400
1269
1261
1434
797
400
744
1228
803
711
687
842
688
689
975
688
692
97
