786
3851
2157
1820
4307
2824
2444
11139
15032
7922
5606
4963
5318
5892
9084
5673
6438
3633
5220
6351
13250
19551
15757
16712
7609
4616
8222
6963
7255
12616
28094
32596
23581
17851
20860
22684
22163
22567
15407
16565
14835
16646
12613
13165
12268
16014
18583
23392
20526
21466
18661
20165
17056
19014
14219
19672
18151
16243
17876
13871
18474
18596
20468
16058
17984
22241
19439
21257
21587
18917
14925
15985
18093
22406
20517
15622
15213
12671
11157
11102
14500
10953
11470
15533
17101
12408
15381
14783
16026
14426
11731
14029
13176
12547
14374
16147
17758
14071
10882
14107
13888
13186
12543
19064
15771
13418
16780
22131
11038
10954
9328
7807
8341
5925
6827
7107
8454
12356
5292
7626
5547
10349
8709
5541
4456
4514
4504
1906
2512
2877
2905
3986
4255
4487
2941
2375
4076
3518
1889
1704
1236
231
1231
1004
1520
756
1154
596
2182
2197
1140
1872
3577
1514
1342
805
470
742
2484
378
466
680
1193
885
1124
2080
369
213
403
406
355
201
384
641
475
585
191
203
150
349
1151
322
678
1679
1328
1312
417
1346
1434
1471
2051
1985
434
93
99
118
98
104
97
380
102
92
103
98
141
107
89
97
100
140
365
118
83
100
102
90
96
103
91
94
103
99
371
114
90
99
105
95
93
103
1032
246
1265
736
1069
867
565
1107
1203
1065
264
102
960
124
985
989
797
251
756
2361
685
490
958
594
680
488
689
599
660
1326
274
78
