1756
1098
2384
7388
11385
12422
5360
5041
3390
6660
5315
5024
5454
4433
11477
6528
6174
5010
7446
4363
3898
3314
4426
4390
7131
12873
7817
8895
9094
6807
7199
11875
8402
6927
10260
9281
9331
9249
16682
19959
13473
13846
17416
15619
13431
16411
13867
12660
14359
14918
10442
9309
8872
10239
12511
13515
11232
9003
16900
16613
12399
11914
9883
13601
9950
13210
7765
9060
17448
12769
13444
7971
9621
20122
14751
9648
8735
10728
14070
12302
8901
8925
8434
7069
5814
7451
9742
6441
8859
10584
8623
10176
11750
14605
13838
12185
10425
10804
12464
12976
11213
9714
9174
7981
6390
7558
6848
7824
7010
7598
7641
6515
7508
5548
4451
6370
5224
4829
5170
3846
4218
4047
4354
2070
2779
2548
2641
2337
1421
1700
1795
1574
981
449
504
689
737
571
883
734
678
820
1048
728
602
1129
2653
2466
491
628
1052
1917
1822
1422
749
1271
1136
1018
733
1127
1014
1060
2143
611
1509
405
702
1390
846
217
161
129
185
87
160
158
91
336
109
94
153
216
90
157
93
93
244
97
90
338
151
91
156
601
95
153
93
97
241
123
91
342
90
101
154
133
94
154
91
126
193
89
276
156
90
95
154
93
90
159
91
158
180
95
332
118
89
187
205
103
153
91
96
247
92
93
338
94
94
151
91
98
149
99
88
277
91
298
330
100
94
154
91
98
150
92
98
243
97
93
344
19
