5949
6413
1658
3410
3363
3633
4489
3059
1970
1682
5431
7493
3752
5685
5105
6579
5975
4393
9108
17711
12987
8778
9335
12428
13250
8439
7916
11970
11338
14655
7122
7882
11861
13119
15231
9872
11654
10500
9225
22047
24158
17377
14707
10079
38452
28283
22095
22375
24580
23474
24282
18104
23214
21051
17951
15667
15465
14794
44686
17550
14235
16764
15658
11706
14424
10515
10284
19537
34370
26817
24594
22428
16875
28836
23119
43734
22148
22699
23315
17190
19435
22282
24121
23411
20413
19990
21181
17971
16185
21402
24311
25776
26099
28472
19537
18049
15549
21317
19126
19057
18248
21191
19192
21716
16560
15623
18348
19115
14886
11450
16800
13356
13144
14167
9084
9051
8786
10906
16405
10293
8009
10100
10453
8043
9163
8614
7856
8979
6102
6947
6265
4050
2915
1870
2073
1977
1604
1982
2964
3627
968
3202
1617
3181
4421
3768
1621
1082
7950
1743
1148
1076
515
427
206
237
302
227
623
173
711
126
562
777
693
799
861
277
165
89
98
582
790
426
899
657
452
413
720
678
818
93
669
88
91
217
108
89
94
129
141
92
92
96
89
89
84
243
90
403
1228
431
990
1030
782
803
668
241
657
1273
359
268
90
88
92
97
87
89
89
92
88
236
88
94
92
88
90
91
92
88
92
85
223
107
90
89
97
90
93
90
84
93
94
90
228
98
91
93
97
86
94
88
95
92
89
91
241
89
88
90
90
37
