8131
7676
9256
7330
3666
4291
3758
3314
3255
4624
6303
9996
5974
6258
12009
10392
9431
10347
12384
17270
10237
9044
11861
13940
17515
21956
14338
17512
13588
9261
10593
20471
16042
12541
13903
13429
16093
16999
14381
11425
14176
13967
16241
15056
12191
10870
12326
11755
13006
13497
11891
12154
13177
14161
13600
13193
13406
13689
14475
14037
12406
11246
11084
11606
11294
10927
10331
12647
8212
11460
9281
8806
8553
7793
8458
7951
9331
14795
10009
12644
10641
12895
10501
9308
15247
13404
11176
7381
7741
6902
6420
7865
12241
11493
14000
8783
7963
10556
13960
12862
14703
16961
12693
12449
14436
10866
11051
11861
10595
5268
10936
10585
10486
9901
4454
9203
6117
7188
5585
5083
1710
5940
3050
3453
3991
4116
4748
3449
2586
2937
3103
1545
722
1970
2129
2134
3811
1472
3065
2032
1902
1361
871
866
1558
1642
2510
1332
2166
2198
2730
2182
1516
2551
1817
1412
2238
1195
2018
780
1088
773
889
1158
1455
1149
832
991
1461
574
1030
609
525
533
498
551
1827
927
1381
875
1141
1465
634
506
1124
457
389
391
697
383
391
449
385
390
392
391
386
424
391
384
698
389
382
389
391
386
421
384
384
410
382
380
679
381
370
384
375
380
383
386
377
418
381
385
684
383
374
385
375
379
374
379
380
419
380
381
688
382
382
381
378
380
384
382
390
409
376
373
679
393
372
378
376
375
374
377
370
409
372
378
677
371
376
132
