1289
1503
1957
3185
5787
6789
7347
4933
9120
4921
4228
4411
5046
5901
10779
5312
9542
5028
8130
9516
10819
8049
6439
4684
4867
5467
8619
8971
7925
10442
12576
10125
8703
11493
11562
9660
10494
6491
6932
11065
9689
7232
10851
10747
12474
15192
11858
11033
10616
14270
14294
22242
23154
18324
8132
7259
7049
6515
8157
13029
10931
9761
8881
12236
8095
10792
9683
14264
10962
30604
25203
20636
20399
19670
19828
22372
19799
19739
19818
16948
16135
17129
13523
15211
14025
14246
14860
17639
19336
15659
16836
16076
18248
18675
21740
16459
17494
19555
16148
17620
22657
21909
27054
21685
18237
21659
28054
18754
20361
22820
10451
11116
16211
14658
10654
8752
14041
8376
7926
6709
6207
5155
4938
6083
5654
9717
4876
3998
3913
3854
3970
4159
2592
4344
6469
5517
4745
5390
5907
5500
5749
4696
5244
4655
2650
3426
5274
3219
3471
4556
3065
4777
4007
2109
2296
2616
2918
2030
1419
1242
1045
1377
2105
1485
958
647
1335
827
1110
967
570
693
1349
909
849
653
499
1065
523
825
423
239
218
428
465
1454
871
591
288
220
348
478
802
588
679
436
912
1573
997
1649
465
575
938
501
577
777
715
1299
881
122
389
108
91
100
98
95
104
91
95
100
99
89
384
108
96
98
96
100
101
99
101
93
96
94
402
94
97
99
93
96
100
92
98
102
92
105
391
93
104
98
598
105
95
92
104
92
95
385
105
93
105
39
