844
321
2629
1872
3350
5317
3283
5299
24361
28274
21480
16615
17503
15439
12592
10760
12619
13846
20287
14851
18457
13322
14516
16317
16429
12694
10605
12520
15345
95610
19617
13830
9039
11220
9964
13406
24748
19519
19013
19584
15464
13332
9639
6933
6623
7644
8606
5390
12533
10261
9689
14962
10477
9945
10552
7190
11565
8945
15306
12770
11613
7840
8956
10638
19682
16289
19885
14998
11023
12121
10732
11136
29959
36391
26494
34996
22304
15468
14366
14142
17171
11799
11038
9863
14085
12615
9455
15848
13064
15313
15006
11899
13004
17321
19818
16274
14928
15227
17290
25292
18696
18527
17365
16580
16642
20472
17894
16269
15315
13038
10626
11660
13691
8690
8904
8257
11867
13191
10081
10525
21247
35099
4350
7150
6568
10778
10039
9561
7547
7332
4722
5059
4987
3327
3141
2581
2167
2420
2775
3336
3579
3871
2564
12766
63437
66422
68450
70010
15537
6128
4535
3065
2508
3126
3314
2716
2816
2286
2988
2177
2272
2023
2140
2087
1766
1889
2130
2057
1504
2038
1138
86
372
85
89
101
104
86
83
100
84
92
78
91
312
82
88
99
112
84
84
138
86
90
83
82
316
83
103
81
108
88
84
87
86
121
84
325
78
79
105
110
91
84
83
88
85
79
88
321
86
84
99
107
85
81
84
88
87
79
91
322
82
88
97
104
90
83
81
92
89
87
84
312
82
91
102
110
82
86
86
90
87
82
89
314
84
116
92
112
98
83
