990
2534
29788
17956
6057
5837
7641
10994
5784
6056
4827
14488
36805
12864
4748
7575
5513
8738
9756
8930
8291
8051
13974
5633
5857
6467
5416
9374
7229
4672
4280
5588
5501
7922
11430
12899
7885
9212
10540
15826
13829
13158
11461
48884
15396
15325
20045
17409
15985
13839
30040
32717
30989
25735
22487
25149
17662
14518
25496
14575
10867
12859
11873
14073
13091
13585
13540
15406
23779
40758
32308
25670
28267
25948
20115
21716
19345
20036
13603
17514
15642
14485
17260
21410
19141
15440
16262
15489
12916
15143
19815
14589
16586
16220
13839
14494
16840
25226
15603
21272
18546
15443
18245
17350
13765
22884
22321
13033
19524
14531
53647
29437
14968
11760
15886
10161
11798
7542
6472
4947
5633
5062
5352
6679
5989
4505
6390
4384
4185
2297
3608
3450
2971
4004
2689
2511
2624
3523
3892
3409
2641
4087
6056
4279
1645
2074
2889
2689
3944
1033
2089
1597
1984
1897
2079
749
2946
2072
1225
1076
734
799
1575
1352
1137
1190
916
543
443
930
1016
873
286
497
561
1019
181
218
806
630
1319
2130
565
1378
628
818
682
1280
839
91
337
162
107
114
113
99
106
173
954
1410
767
1524
1872
592
1385
1202
2369
1563
1006
312
918
315
597
550
624
1883
540
760
539
1066
148
123
657
97
89
90
95
87
100
87
90
99
294
933
2027
1134
734
276
541
90
1377
764
437
922
775
1040
574
638
241
105
341
88
816
928
1074
884
135
96
89
93
94
45
