1765
6324
4447
2327
3852
274
1999
4166
6424
7217
10020
11566
12188
5304
6414
7951
7023
6015
7056
6696
5150
9008
18500
21198
18231
21789
24058
19814
22146
18022
10440
9629
9437
8999
14275
13384
15652
21296
16695
9089
25513
22643
11562
13383
25502
15591
13291
12692
14460
15778
18546
40519
18134
41563
31262
24273
19577
22762
14648
14030
26799
16154
23261
15152
12916
26927
30398
21673
18950
16757
16138
15666
18206
21370
17940
23907
23159
26837
20706
16114
18325
19590
23511
20105
15452
18780
13836
14984
11453
11619
10155
11327
20824
28429
27863
28859
26650
25022
18764
24944
30971
25796
20475
24278
22339
24237
22427
25297
21070
25079
30695
27148
24850
25314
25925
23000
21556
20910
24296
21589
15070
13913
15417
12316
13727
15506
12923
16419
14680
15984
15701
14677
12754
13426
13907
12940
14851
13041
13476
11018
11752
10868
10717
12163
10586
9868
10329
11187
10694
14481
11889
10312
10068
10231
9380
11386
8608
11028
9638
10500
13737
10575
9857
9760
10740
9588
8798
8594
8498
9183
8827
8477
9031
8696
8290
8541
8336
9568
8812
10697
8467
9323
7786
10009
7620
8413
8185
8534
7895
7883
8306
8294
7716
8278
7880
7880
8152
7970
7688
6220
6467
6752
6327
6466
5258
4996
5525
6220
6914
6478
6818
6216
6480
6467
6466
6473
6222
6465
6484
6445
6511
6490
6703
6357
6477
6458
6227
6483
6481
6485
6214
6469
6577
6229
6843
6463
6216
6468
6233
6228
6496
6470
6220
6459
6625
6277
6566
6458
6246
6474
6484
6222
6452
6486
6214
6393
6763
6241
6986
6224
6481
6236
5722
