11283
27907
7732
5742
4786
3383
5803
10669
3596
2389
4970
5243
6180
6564
3020
5349
6402
5332
3444
6802
10293
11688
7522
6514
6951
6470
18290
8736
13853
14339
13962
12901
12939
12987
11994
12309
10083
15708
15171
13315
17886
15283
271478
299168
304530
311286
59958
23777
15673
9790
13105
12270
9814
11340
15278
18040
12428
14630
19762
14522
15487
5855
7314
11825
14986
13236
15423
14608
23703
17632
20707
35172
25424
24728
24126
26061
19444
12773
17785
12465
12328
10480
9766
10728
8566
10900
9413
17714
19244
17259
20311
12940
11317
18478
9583
11298
8883
11723
13796
13246
12138
11727
16416
34281
27458
22915
15108
18649
18140
15412
18023
15942
16602
16472
17646
18733
16123
14022
11002
9715
9593
8221
6757
6568
6924
6184
6027
7154
4565
3764
4551
4928
5164
4522
3172
3966
3114
4636
5610
4121
4319
7690
6256
6403
6349
6802
5909
6255
4024
3322
4988
3969
4505
4227
3484
2044
856
1259
1297
1969
1400
1906
1368
1146
757
248
641
1172
184
548
682
212
533
492
398
1405
367
273
452
525
242
618
820
95
198
294
609
733
754
1152
445
123
73
74
69
75
69
72
97
83
74
85
369
76
112
69
71
76
71
73
98
81
69
390
69
73
69
72
73
73
68
73
107
74
80
372
69
76
71
71
72
71
71
95
82
75
85
372
69
73
74
69
75
69
72
99
83
74
81
369
74
71
86
171
96
16632
60890
60889
60853
60786
60889
39758
