1908
13385
21474
24388
27207
13959
10318
10766
9842
7906
10286
11039
8784
11395
13741
10682
9139
10343
11517
18745
8053
16284
11154
7611
13239
6336
9139
7961
9679
10885
11835
4539
7481
3761
5682
5044
6786
7946
12962
22600
38520
27715
25897
18200
22892
19131
30032
22752
42745
35922
85537
9640
14190
16642
19960
14273
19464
14769
54030
13734
12183
11254
9556
23089
19115
21582
22479
18628
18554
15247
10298
15706
15514
12720
9320
12604
13222
94786
22715
16740
11083
10255
12221
40721
26618
29271
28476
27584
26615
27360
28288
25816
21619
25280
26647
29254
30955
29776
31107
26603
30169
31747
28392
24628
23252
20524
23196
25643
17864
15695
27353
17444
18264
23014
17409
17806
20902
15329
13094
16338
12438
12557
13017
11001
12639
11480
11958
11418
12802
13241
11464
10926
9728
9801
10146
10328
9308
8960
10186
7813
10110
10592
9343
30126
16748
10641
9775
8286
9164
10516
12717
11868
12048
9802
10863
11447
11273
11390
12930
11072
11533
10630
11578
10635
10925
9264
10827
9694
8960
9036
8788
9152
8492
8510
9254
8709
9170
9481
9066
9437
9212
8650
9886
6997
6038
6875
5783
6149
6523
5842
7328
6241
5837
6468
6060
5860
6445
5975
5868
5832
4771
4133
4892
4406
4769
4258
3730
3173
2910
3715
3609
4970
3513
281
255
142
178
185
305
209
86
91
93
889
123
88
78
81
109
77
84
85
80
94
80
911
80
85
83
79
111
78
82
79
83
82
85
908
82
80
83
81
108
78
86
81
128
78
90
908
83
83
81
18
