1741
1597
1201
2801
3382
2293
1652
2309
11331
601
1839
3111
23341
2835
1538
2257
2163
1557
1669
17732
25592
24118
17341
11796
13083
12453
16413
13630
9089
14268
8892
11795
12968
3742
5893
10778
7902
9239
7012
8312
7950
9584
10444
11404
13817
11779
28638
35010
12378
11524
6201
6797
9665
5394
12687
18306
15248
15444
16011
14243
14381
13480
12080
15589
11996
12786
17852
17090
14247
15283
37839
25865
24464
33869
29875
27491
29034
23451
27059
22157
22816
21155
22141
16881
20556
17391
17715
15296
17797
18599
20696
20600
23548
22025
20979
30052
22973
21648
24421
19261
23333
24451
15406
16426
17260
15553
11730
10429
11620
11051
12925
9839
11322
13478
14169
8511
7647
8620
7649
6972
8549
6958
5572
7052
5486
6288
4810
4419
5996
4303
5143
6177
5047
4803
5076
7353
7361
7489
6583
5439
5363
4710
4513
4419
5569
5436
3994
4976
5692
3563
5244
3210
3255
3560
4591
4724
2810
2814
2958
3016
1941
779
666
754
801
579
716
287
91
252
132
537
90
91
702
108
88
92
89
89
93
91
87
89
92
89
706
104
86
93
94
143
94
96
90
93
86
92
719
89
87
94
87
93
91
89
129
91
90
92
722
86
91
91
91
89
94
90
93
86
91
92
715
93
86
95
86
93
87
94
87
92
89
94
721
83
92
93
92
89
94
86
95
86
94
704
108
83
94
91
94
88
92
93
599
90
85
706
109
90
99
94
10
