3348
1304
3912
8106
5962
1034
1125
6826
12791
7645
8665
18504
18674
18069
16626
32312
17258
3400
3559
3432
3734
3220
2875
4442
6574
3296
12084
6986
5948
9144
4990
5869
7379
7174
5257
8391
10462
11739
17073
17724
30493
31219
19144
18819
14128
17454
17254
17896
16175
18320
13126
15425
18982
19060
17838
13780
10976
12958
11211
12184
18373
13495
10890
12984
13191
14802
16910
13380
15648
17548
13614
20475
16776
17897
15868
16074
12213
12434
10515
10081
13451
12079
11128
11176
15061
7421
10899
11041
13080
13265
10809
11744
8914
10707
13364
10868
13518
8300
10526
13846
13833
17112
11609
13094
12910
11226
11382
13971
12304
14696
12690
9664
12160
7122
6327
5901
8936
7667
6062
3873
6044
6231
3687
2963
3491
2043
1507
1005
1652
1050
1875
757
1540
11215
4491
2441
2790
3604
3044
3258
1615
3182
1511
2620
2419
5262
1816
3402
5166
3140
1622
938
2661
2191
2631
2167
1904
1785
1086
1771
1924
1717
52672
903
2018
1728
1070
993
1287
1641
1052
1078
901
401
1599
923
876
500
650
869
321
429
292
193
256
535
228
426
265
521
345
294
289
223
226
416
546
437
137
102
204
287
145
111
120
154
94
112
116
350
103
108
86
91
91
95
94
92
83
107
90
324
95
91
101
98
86
92
97
94
86
95
123
330
93
91
91
101
89
91
88
94
94
96
311
107
97
83
92
404
165
88
92
88
93
88
326
91
94
92
85
69
