860
335
5842
6057
4701
2585
5486
8111
6865
8467
5792
6216
11142
8127
9341
12510
14275
12458
7168
12273
11386
10680
12056
9880
13244
9329
8836
17675
8466
10078
14925
11472
7734
7016
10900
12007
9632
15350
12364
12406
16087
12638
19735
16723
14884
11123
13337
13075
12569
12976
16263
11005
19740
16670
14953
11728
11634
11242
9307
9256
9033
8825
13242
9272
8978
6589
7786
10988
12310
9315
6396
6446
14139
9838
7242
11301
13113
15127
16458
11271
15576
15579
14759
15467
11846
12934
15654
15440
16893
15186
12308
10003
9677
8494
7589
9097
9583
11211
13688
12910
16486
16866
11822
11971
11483
9516
11506
9793
7633
10492
11439
10387
8734
6554
8786
9080
6065
3659
5079
10207
7259
3706
4193
2912
3662
3768
2613
2976
2869
2395
2395
2075
2763
2059
2387
2264
2606
2316
2523
2057
2992
2887
3714
5467
5004
4466
3836
3792
4582
5313
5340
4611
3793
4745
3839
3964
5217
4341
6015
4140
4297
4251
4340
4863
4775
4998
4973
4297
3902
4316
4348
4061
3376
3886
4343
4249
3820
3988
3561
3616
3586
3389
3311
3575
3519
5677
3646
3781
5006
4463
4418
3888
4245
4464
4113
4253
3399
3302
3277
3910
3430
108
167
4
