24300
20679
4674
3563
8461
7060
9267
17005
26950
5849
7021
44609
23366
14754
16435
14272
11071
9417
13538
27408
20327
18361
22086
15104
14890
21561
14586
14199
19709
17099
17958
13347
15932
16568
13212
16275
14781
8468
8080
8032
12793
14667
11927
13391
11506
9982
14214
17733
17316
14357
16933
20676
12683
12913
16305
12704
9177
23795
26842
26775
18525
11841
12886
11815
13881
11518
9980
12721
13385
16401
15018
13224
17799
17969
21355
16574
15986
15474
18751
19903
20207
19365
30765
30204
39589
30673
25619
26214
30044
24405
20810
17947
18284
24219
15995
21391
16738
25777
20897
21394
23826
22529
21331
16825
17949
15366
17240
26266
15448
9632
10511
15794
10920
16860
14533
16737
15680
17014
9785
11690
15895
12642
7190
10281
8838
5743
15166
15410
7642
5284
6117
5067
7199
5409
2985
5251
6932
5209
6019
5428
4453
4031
3321
4290
4328
3564
7607
4097
4615
2741
2600
2460
2738
2778
3526
3163
4163
3081
2996
2117
1884
1940
903
2158
2053
2720
2163
1788
2297
1413
1466
4561
5596
544
634
550
555
681
544
562
1217
529
546
614
521
528
620
519
587
685
251
157
743
152
104
105
101
126
100
106
235
583
105
101
103
105
102
138
104
122
105
103
241
576
108
96
133
104
101
96
135
162
683
402
952
977
505
746
456
471
400
725
1357
248
98
105
256
565
105
101
101
102
105
97
130
98
103
103
257
561
105
103
101
105
101
98
127
104
100
106
714
101
91
